filter1[0]
0.10 -7.25 -4.16 3.19 -1.34 
-0.69 -6.99 -6.28 -6.00 0.43 
-1.23 -10.33 -0.50 -2.66 3.29 
-5.24 -3.59 -2.10 2.19 6.82 
-0.37 -0.77 3.22 4.57 8.27 
filter1[1]
3.31 -3.14 -4.16 -17.82 -8.09 
-2.23 4.73 6.39 2.35 -9.03 
0.34 -2.07 8.67 7.09 -3.16 
1.11 0.39 3.68 0.32 -0.54 
-6.00 9.85 1.81 2.18 1.00 
filter1[2]
-1.73 7.09 1.99 -0.61 5.75 
-8.11 0.20 1.07 2.93 4.02 
-11.35 -8.44 -4.64 -1.85 -1.42 
2.24 -2.62 -9.04 -13.08 -9.20 
-0.19 1.20 4.65 0.51 1.09 
filter1[3]
4.53 5.86 3.52 1.67 9.52 
-0.12 -1.19 -2.27 -0.83 4.82 
-5.51 -0.35 -1.06 -14.77 -9.54 
-6.43 -9.89 -9.57 -3.16 1.17 
7.47 10.59 6.30 3.35 2.90 
filter1[4]
0.04 10.35 6.63 0.72 -5.13 
-2.41 6.05 5.61 4.28 1.22 
2.58 -0.64 12.28 0.18 3.72 
1.03 9.20 -0.20 -6.20 -6.12 
0.95 -10.63 -11.65 -7.04 -2.73 
filter1[5]
0.83 5.22 -0.52 2.69 -6.05 
-0.43 -3.96 -1.31 -8.93 -12.41 
-4.80 -4.55 -7.96 -4.54 2.86 
-7.64 -2.73 0.09 1.69 3.38 
5.29 0.09 0.62 -0.72 5.20 
filter2[0][0]
-4.43 -3.51 -2.95 0.34 0.25 
-2.73 0.85 0.09 1.87 2.25 
-2.65 -0.25 3.02 2.68 3.26 
4.02 0.10 -0.77 1.71 5.63 
-0.51 -0.79 -2.63 -1.71 3.41 
filter2[0][1]
2.61 4.99 7.31 4.71 -3.39 
5.03 3.07 2.82 -1.85 -1.79 
-1.37 -0.05 2.02 3.13 -0.06 
-2.93 2.73 1.40 -0.01 -0.29 
2.06 -1.42 -0.81 -6.22 -1.56 
filter2[0][2]
2.57 -2.59 0.84 -0.90 0.36 
-1.57 -1.97 1.23 0.02 3.43 
1.11 -1.66 -0.57 -1.74 3.51 
0.78 -0.57 -2.48 -0.91 0.91 
-0.70 3.95 1.89 2.49 -4.47 
filter2[0][3]
1.00 -0.87 -6.11 -3.53 0.67 
0.28 -1.17 -1.84 -4.59 -1.32 
1.08 -6.82 0.30 -1.86 1.34 
-3.49 -4.38 1.98 -0.63 -0.96 
-3.26 0.75 -1.22 -2.48 -3.80 
filter2[0][4]
0.77 -1.03 -0.32 -2.62 0.33 
0.58 -3.78 -4.95 -4.52 1.05 
-1.02 -1.90 -2.34 0.97 4.98 
-0.53 -4.23 -1.31 3.92 -0.99 
3.77 0.84 0.67 -0.07 -6.51 
filter2[0][5]
2.81 3.32 -2.98 1.45 -1.55 
2.56 4.85 5.44 -0.49 -0.44 
5.22 2.57 1.18 3.53 -4.76 
1.71 -0.33 3.39 -1.29 -3.49 
-0.63 2.09 0.66 1.26 -2.94 
filter2[0][6]
1.36 2.10 1.00 -6.23 -0.79 
1.59 3.10 2.21 -1.94 2.82 
-1.27 1.82 4.98 0.50 1.44 
3.59 2.17 7.80 0.39 1.79 
-0.73 1.68 -0.49 -2.30 -0.02 
filter2[0][7]
-0.88 0.31 3.97 -3.90 -6.78 
-0.17 3.93 -1.70 -3.97 -3.65 
-3.09 -0.79 -2.86 -0.26 -3.15 
1.69 -1.41 -2.26 -0.20 -0.78 
1.67 -0.48 -3.27 -1.81 -2.24 
filter2[0][8]
-0.55 3.24 -0.36 -3.36 -3.14 
-0.48 -1.34 -3.71 -0.83 -2.82 
2.18 -3.29 -1.17 -1.11 0.31 
-2.92 -5.30 -6.04 -3.15 -4.84 
-2.87 0.31 -4.69 -3.86 -4.97 
filter2[0][9]
-2.05 0.94 2.43 -2.72 -0.89 
2.00 -2.69 -4.57 -0.19 -0.91 
-5.52 -4.66 1.15 -4.27 -3.41 
-5.19 2.07 4.02 1.81 2.22 
3.98 0.15 1.35 4.60 6.21 
filter2[0][10]
-4.37 3.70 0.64 -3.97 -1.27 
-2.68 -5.99 -3.39 -3.90 0.90 
-1.27 -4.20 -1.12 -2.39 0.09 
2.64 -2.07 -4.41 -0.84 -2.11 
-2.48 -3.25 -1.63 -2.29 -6.45 
filter2[0][11]
2.08 -1.54 -2.59 5.54 1.01 
-1.13 -3.53 -0.38 -2.45 -2.28 
3.68 -1.05 -3.31 -7.91 -0.87 
-4.25 0.10 4.34 -2.35 -0.18 
3.31 0.70 1.63 0.67 -0.54 
filter2[1][0]
-2.57 1.45 3.49 0.04 -3.14 
-0.79 2.37 2.25 -0.45 -1.48 
0.48 0.45 5.41 -0.69 -2.90 
-2.06 -2.41 3.04 -2.38 0.61 
-2.08 -2.35 3.32 0.39 -0.73 
filter2[1][1]
-0.01 -5.27 -0.53 1.82 -0.38 
-1.10 -0.51 4.45 -2.48 -4.12 
0.07 -3.84 -1.74 -5.53 -4.24 
-3.28 -3.33 -1.92 -1.84 3.97 
-5.13 -1.36 0.59 -3.02 1.08 
filter2[1][2]
-1.47 -7.74 -1.43 -2.70 -5.09 
-0.15 -2.62 0.86 -2.48 -5.92 
-2.77 -3.76 -2.45 1.18 0.35 
0.57 0.39 0.60 -1.04 2.20 
2.71 1.65 0.44 1.00 0.45 
filter2[1][3]
0.86 3.30 1.70 3.60 -1.10 
2.44 0.34 2.51 -0.40 -2.09 
-6.05 -3.45 2.64 2.08 1.24 
1.21 2.44 1.82 0.52 2.19 
1.14 0.81 1.25 -2.77 -1.15 
filter2[1][4]
3.33 0.93 2.76 0.98 4.90 
-3.65 -0.75 2.33 1.00 2.64 
-2.40 -3.02 -1.56 -6.15 -0.99 
-1.15 0.49 -1.28 -3.41 -0.71 
2.21 -0.42 2.95 0.67 -2.24 
filter2[1][5]
-3.70 -3.24 -3.66 -5.50 -3.14 
0.22 -3.65 -1.34 -0.63 -0.61 
-3.13 1.30 -2.37 -0.74 1.67 
-0.21 0.55 0.24 0.01 1.55 
0.24 -1.07 2.52 0.21 0.38 
filter2[1][6]
-0.35 -0.50 -3.42 -2.92 -8.18 
-5.00 1.70 1.92 0.99 0.81 
-1.49 0.36 4.40 -1.43 -1.32 
-7.43 0.45 0.58 -1.62 -1.50 
-1.67 0.40 1.45 2.22 2.49 
filter2[1][7]
-2.94 1.96 3.71 2.43 -0.01 
-2.52 -0.21 -0.98 2.75 2.11 
-4.65 -2.14 -1.05 -3.40 1.34 
0.86 5.28 4.61 1.92 -8.40 
-2.83 4.13 -2.18 1.72 0.98 
filter2[1][8]
-1.79 1.20 -0.11 1.53 2.49 
-1.22 -0.44 -0.85 -0.95 -0.91 
-1.35 0.60 6.88 5.36 1.32 
-1.73 -0.18 4.06 3.13 2.13 
0.48 8.66 4.19 1.65 0.91 
filter2[1][9]
-2.33 0.06 -0.68 -1.25 1.91 
0.07 3.19 2.80 0.82 0.72 
1.01 1.15 5.66 -0.22 3.42 
-2.57 -4.84 -1.94 5.51 -0.45 
-4.61 -3.70 -4.16 -0.16 -2.95 
filter2[1][10]
-3.75 -0.48 -1.61 -0.94 3.73 
2.17 -2.96 -0.96 1.94 -1.75 
1.56 5.16 3.55 0.31 -2.82 
1.81 4.50 4.07 1.52 1.77 
-3.94 -6.32 -6.31 -1.72 -0.82 
filter2[1][11]
-3.63 0.61 -2.56 -0.06 1.54 
-0.34 2.24 4.23 3.80 -2.02 
3.83 0.45 1.22 5.52 1.23 
-1.25 0.48 -4.51 -2.95 -3.49 
-4.89 -0.67 0.42 -0.38 -2.86 
filter2[2][0]
2.76 1.63 0.95 0.24 1.94 
1.24 3.46 -1.18 -0.10 -5.00 
1.48 -0.94 0.23 0.13 -1.83 
-2.63 -3.32 -3.22 -0.20 -1.06 
-7.92 -5.00 -2.68 -1.30 -0.28 
filter2[2][1]
-0.23 -2.40 -0.89 -0.20 -3.05 
0.79 0.10 2.04 2.81 -2.09 
5.46 3.40 2.16 -2.33 1.64 
5.47 1.14 -0.41 -1.04 2.65 
1.31 -1.86 -0.71 1.89 2.52 
filter2[2][2]
-0.02 2.79 5.16 1.26 4.38 
2.86 6.83 6.53 3.02 1.09 
-3.00 -0.97 4.74 0.87 3.40 
-5.55 1.06 0.19 -1.05 -0.31 
4.06 0.40 -0.79 -2.12 4.28 
filter2[2][3]
0.59 -2.66 -4.52 -2.29 -1.88 
-5.16 -4.75 -6.13 -1.24 0.09 
-7.12 -3.10 -1.18 -4.34 -1.76 
-2.43 3.75 2.06 -0.09 -2.79 
4.91 2.96 2.69 0.42 1.05 
filter2[2][4]
1.81 1.08 1.05 4.54 -1.07 
1.35 1.50 4.49 1.92 -3.12 
6.93 1.59 2.38 -2.80 -1.88 
1.31 1.03 0.03 -2.66 -3.01 
3.21 -0.33 -4.06 -2.67 -3.22 
filter2[2][5]
2.28 2.46 -1.05 -2.09 -4.19 
4.08 1.06 -4.09 -4.44 -4.21 
1.84 -2.74 -3.88 -6.91 -1.54 
-1.88 -4.34 -6.49 -5.45 -4.05 
0.11 -9.79 -9.68 -1.15 1.74 
filter2[2][6]
-2.93 -1.00 -0.55 0.34 -0.52 
-1.00 -3.30 0.87 -0.21 0.01 
-6.18 -0.25 1.00 1.23 -2.38 
-2.03 0.87 -2.08 -1.78 1.43 
2.43 0.45 -0.07 -2.69 -1.15 
filter2[2][7]
0.77 -3.67 -4.29 0.03 -3.27 
-0.02 -9.10 -0.64 -4.05 3.67 
-2.00 -7.15 1.90 1.26 4.18 
0.75 4.48 -0.83 -0.48 -2.14 
4.15 5.64 0.02 2.33 -0.55 
filter2[2][8]
-5.64 -5.43 -7.24 -1.74 -1.54 
-4.75 -7.66 -4.15 -0.05 -0.93 
-6.54 -5.10 1.71 2.20 0.09 
-5.34 -2.30 6.56 -2.00 1.43 
3.64 0.26 -1.32 -0.26 -0.27 
filter2[2][9]
-4.22 -3.85 -0.60 0.82 -1.14 
-4.84 0.70 0.12 0.97 2.03 
-0.18 -2.33 2.86 0.69 -4.52 
-2.47 3.72 -0.67 -0.15 -3.84 
-2.04 -2.15 1.15 -2.64 -4.02 
filter2[2][10]
-3.13 -2.17 -0.67 -1.36 -0.13 
-7.15 -1.13 -2.10 -0.47 -5.56 
-3.36 -3.31 -2.14 0.74 -0.05 
1.90 3.67 0.33 -1.35 -1.17 
0.77 1.33 -4.54 2.12 0.87 
filter2[2][11]
-8.64 -6.22 -2.56 0.56 1.27 
-3.90 -1.48 0.33 -0.30 -0.81 
-2.15 -1.52 -2.03 4.52 3.25 
-1.15 2.74 8.48 5.60 -1.23 
3.99 4.23 3.03 0.16 -2.69 
filter2[3][0]
2.55 1.07 0.12 -3.06 -1.70 
0.94 -0.90 -2.48 -4.09 -3.94 
0.14 -4.73 -4.92 -2.97 -3.05 
-3.20 -1.47 -4.44 -0.15 -3.97 
0.82 -0.71 0.52 -2.89 -0.77 
filter2[3][1]
-1.46 -0.86 -4.10 -2.49 0.78 
0.22 -2.60 -1.18 1.20 -3.00 
-1.10 -0.08 2.22 -0.89 0.96 
4.98 1.71 1.96 -3.32 1.55 
-0.13 0.61 1.81 3.71 2.99 
filter2[3][2]
-4.62 -1.77 3.84 1.35 2.05 
-2.19 1.94 2.23 0.76 5.03 
-2.27 3.10 3.33 -0.59 2.91 
-0.15 3.91 2.05 -3.64 -2.43 
-2.22 5.47 0.87 -2.41 -1.52 
filter2[3][3]
-0.25 1.29 -2.57 -0.89 0.60 
-0.59 -1.62 -0.43 0.63 -3.59 
-6.78 0.31 1.85 -2.61 -2.96 
-1.44 0.61 -1.36 -0.48 0.71 
2.44 0.79 -0.47 -0.41 0.95 
filter2[3][4]
0.62 -2.08 -1.41 -1.57 -0.69 
-1.73 1.82 1.68 0.48 -0.92 
1.79 0.82 3.61 -0.71 -5.02 
0.90 1.30 -2.09 -4.10 -0.60 
0.29 -1.62 -3.05 -6.07 -0.42 
filter2[3][5]
-2.38 -5.31 -1.41 0.98 0.66 
-0.51 0.33 -2.50 -4.40 1.34 
0.01 -3.26 -3.96 1.12 3.55 
-1.17 -6.40 -4.51 -3.45 -1.54 
-4.28 -3.20 -2.19 1.82 -2.88 
filter2[3][6]
-0.84 -4.54 -2.23 -4.46 -2.31 
0.44 -4.08 -4.70 -3.98 -5.03 
-0.96 -5.71 -3.20 -3.59 -6.97 
1.68 0.64 -6.06 -1.38 -2.87 
-1.90 -2.85 -1.29 -1.31 1.44 
filter2[3][7]
-1.60 -0.82 1.37 2.88 4.71 
-1.93 -1.26 5.00 4.55 0.14 
0.16 0.11 0.12 3.77 3.76 
-5.99 -0.39 -0.38 1.67 -0.79 
-2.55 -0.46 -1.32 -2.61 -6.61 
filter2[3][8]
2.79 1.51 -2.58 -0.72 0.86 
-0.88 -9.99 -3.81 -1.67 1.65 
0.45 0.22 1.91 3.78 2.77 
-2.30 0.88 4.79 4.40 1.06 
1.92 0.61 2.67 0.18 -4.62 
filter2[3][9]
-1.25 -3.38 0.41 0.57 0.05 
-2.10 2.33 2.41 -0.91 0.68 
-1.34 3.63 2.83 -2.44 1.66 
1.58 3.55 0.61 -2.55 0.53 
-2.11 -0.58 -2.40 2.80 -2.44 
filter2[3][10]
0.12 0.72 4.82 -0.72 0.03 
0.76 -0.07 3.61 -0.33 -1.36 
-3.54 -1.35 -1.14 3.34 2.03 
-1.42 3.93 3.60 -2.23 0.92 
1.90 6.89 4.00 4.33 1.03 
filter2[3][11]
-0.77 -0.02 0.03 2.50 2.77 
-4.84 -2.00 -1.84 1.95 2.75 
-3.56 1.65 6.02 5.03 3.34 
-4.24 0.11 2.22 1.33 -0.45 
-0.75 -2.03 -1.26 -0.53 2.30 
filter2[4][0]
0.51 -4.09 0.53 -2.66 -0.30 
-0.79 -4.80 -2.67 -3.83 -3.45 
-1.59 -2.24 -0.51 -1.11 -5.75 
2.47 3.29 0.03 -0.75 -3.06 
5.59 1.97 -0.25 -5.39 -2.36 
filter2[4][1]
0.93 3.29 2.21 3.71 -0.43 
2.59 2.36 0.10 1.08 -5.28 
1.35 0.54 0.77 -3.89 -5.70 
-2.33 -2.47 -5.75 -4.17 -5.90 
-2.54 -1.67 -2.02 -1.35 -7.11 
filter2[4][2]
-2.39 1.48 0.88 -3.23 0.56 
-4.73 -3.45 -1.91 -3.14 -0.31 
7.05 -4.03 -3.14 -5.42 -10.45 
1.50 0.51 -1.17 4.47 -0.66 
-0.38 2.07 3.28 0.33 -1.94 
filter2[4][3]
-2.90 -1.42 -2.01 3.44 1.22 
-1.71 2.04 2.33 1.60 -2.27 
-0.85 -0.42 -0.98 1.46 0.82 
-7.21 -3.74 -0.24 1.19 2.23 
-1.66 -1.11 3.45 0.44 3.38 
filter2[4][4]
-1.46 1.06 -0.94 -1.08 3.36 
0.74 0.56 -1.25 2.54 5.61 
-3.86 -3.48 -8.73 -2.26 6.13 
1.96 0.55 -4.01 -4.11 2.65 
-2.17 -2.43 -2.42 -6.21 -6.11 
filter2[4][5]
2.57 -2.53 0.80 -0.12 0.59 
4.57 -2.47 0.67 -0.64 1.98 
3.91 -3.36 -0.87 2.37 1.06 
-4.16 0.28 3.69 0.52 -2.20 
-4.88 -0.90 -2.44 1.79 -9.24 
filter2[4][6]
1.96 1.17 0.68 -1.51 1.64 
-0.74 0.46 4.42 0.68 -0.19 
-2.44 -2.25 5.81 1.49 -4.30 
-0.01 -1.19 2.01 2.25 -2.43 
-7.79 -0.33 0.32 0.99 -2.58 
filter2[4][7]
0.05 1.22 1.97 1.53 1.73 
-1.32 5.24 0.48 -1.59 0.16 
-2.25 -0.12 -0.67 -0.74 -0.74 
0.99 0.30 -0.85 1.50 0.39 
-1.14 -2.19 0.93 1.31 -4.98 
filter2[4][8]
-0.94 0.47 2.59 5.98 3.78 
-4.26 3.87 4.69 0.64 -1.80 
1.13 2.74 1.38 -3.02 -1.06 
-1.78 -2.05 -1.10 -0.08 1.17 
-3.78 -3.62 -1.65 -3.85 -1.99 
filter2[4][9]
0.08 1.59 0.35 -3.25 -3.30 
-0.65 1.62 -1.88 0.62 -1.64 
1.55 1.49 4.81 0.94 -1.39 
-2.91 -7.46 -5.95 0.35 3.36 
-5.52 -2.24 2.86 2.56 2.23 
filter2[4][10]
-4.71 -0.10 1.17 3.54 -2.05 
0.83 1.46 -0.64 -0.51 -3.49 
0.64 -4.43 -6.47 -7.17 0.80 
-1.32 -5.32 2.81 2.97 3.22 
2.90 3.53 5.96 3.84 1.37 
filter2[4][11]
-5.02 -1.33 -1.52 -2.05 -3.84 
0.25 -1.02 -3.25 2.59 2.70 
1.04 3.58 5.94 -0.71 -1.22 
4.33 -0.61 -2.06 1.52 -0.23 
-1.91 -3.62 -3.77 -3.33 1.11 
filter2[5][0]
3.12 -0.52 0.96 2.62 -0.44 
-0.03 2.08 -0.76 -1.12 -0.61 
0.23 -0.50 -0.58 -3.34 0.46 
1.17 -0.90 0.20 -0.30 -0.89 
2.34 -3.06 2.18 -0.11 -1.25 
filter2[5][1]
-4.77 -4.14 -0.67 1.85 -1.04 
-2.63 -4.36 -4.66 -5.31 -0.86 
-1.21 -2.15 3.58 6.72 0.80 
5.82 2.51 3.10 3.60 2.83 
1.62 -0.75 3.46 -0.85 1.71 
filter2[5][2]
-3.89 0.89 -2.37 0.40 -4.54 
-0.08 6.01 -0.23 -4.36 0.18 
0.02 -0.23 1.84 -0.20 -2.06 
1.33 2.79 1.77 1.25 -0.87 
0.28 2.94 1.00 -1.48 -0.79 
filter2[5][3]
3.50 2.03 6.90 1.04 2.64 
5.05 1.03 -1.59 -2.06 0.45 
0.51 -3.65 -6.68 -4.07 -0.74 
-2.03 -2.31 -8.58 -7.11 -0.41 
3.59 4.11 -3.06 -0.86 -1.94 
filter2[5][4]
-0.16 1.93 2.56 7.10 -0.52 
-0.55 -1.86 -0.83 0.18 -2.45 
1.32 3.44 2.06 -2.12 -3.43 
4.13 0.19 0.12 0.29 -5.18 
2.11 -0.03 -2.40 -0.92 0.28 
filter2[5][5]
0.76 1.11 -0.74 1.21 0.74 
-4.47 0.57 3.55 2.00 2.69 
-3.48 -1.02 2.47 6.73 -1.42 
-1.25 3.30 4.00 -1.07 3.93 
0.81 -4.19 1.12 0.02 1.80 
filter2[5][6]
-0.27 0.28 0.44 -1.83 -0.16 
-0.57 0.46 -0.25 -5.07 2.22 
-0.34 -3.30 -4.28 -1.42 -1.26 
1.80 -0.09 -2.35 -1.85 -0.15 
0.52 -0.26 -3.33 -0.70 2.67 
filter2[5][7]
0.86 5.71 0.81 -0.52 -0.90 
1.89 1.48 -0.08 4.24 -3.25 
-4.63 -8.86 1.65 1.06 -3.17 
-6.29 -7.19 -1.56 1.55 -2.28 
-0.85 -5.45 -4.85 1.17 -0.74 
filter2[5][8]
-0.79 -0.75 -6.13 -3.78 -1.12 
1.99 -3.33 -2.17 0.75 -3.04 
-0.28 -4.20 -2.28 0.45 -0.47 
-3.92 -3.07 -1.30 -0.58 -0.44 
4.08 -2.25 -1.28 1.19 1.91 
filter2[5][9]
-0.22 6.02 3.70 1.31 -1.34 
2.40 -2.25 -4.69 2.57 -2.73 
-0.98 -3.48 -6.37 -8.99 -3.17 
1.49 2.84 0.00 -8.32 -4.90 
3.01 3.93 1.78 -0.83 -4.71 
filter2[5][10]
6.73 5.78 1.72 -0.05 -5.50 
-2.23 0.38 5.51 1.68 0.76 
-3.12 -0.91 -2.97 2.22 2.03 
-4.07 -3.50 -2.09 1.96 3.20 
0.61 1.29 -1.78 -3.43 -3.33 
filter2[5][11]
-3.03 2.87 2.59 4.65 2.08 
-3.64 -1.62 1.02 1.54 -0.69 
-3.22 -2.07 -2.33 -0.92 -1.68 
-4.10 -2.11 1.09 -0.69 -1.53 
-5.13 -1.06 0.82 0.79 -0.87 
biasFm1
-11.40 -9.53 -9.07 -14.35 -8.45 -8.16 
biasFm2
1.26 -2.40 -4.15 -4.08 -4.12 -3.06 -5.41 -7.55 -4.89 -6.78 -4.41 -6.87 
biasnode1
-6.77 -3.41 -9.52 -1.45 -0.08 -5.49 -5.90 1.19 0.55 -8.72 
w01[N0N][N1N]
1.83 4.74 -1.11 -3.22 4.98 5.47 1.78 -3.57 1.06 -2.01 
-2.18 4.68 -1.65 0.08 5.67 -0.27 0.59 -0.67 -2.44 -7.24 
3.36 0.62 1.88 6.21 2.19 -8.54 -3.03 1.88 -1.85 -3.64 
0.21 -4.12 0.54 2.42 -2.70 -6.61 -3.11 1.10 0.54 1.29 
2.91 -0.63 -1.83 -0.45 1.71 0.28 -5.42 2.06 3.26 2.73 
0.49 -1.34 1.25 -0.28 -0.89 1.00 -1.63 -2.69 -0.60 -1.20 
1.91 1.80 5.71 -2.06 -1.66 -3.60 -1.29 -3.96 -2.13 6.09 
-0.43 0.38 2.12 0.41 -0.50 2.05 0.04 -2.80 -4.57 3.68 
-0.41 -2.98 2.49 2.47 2.71 2.07 2.92 -10.45 -2.25 2.08 
2.20 1.29 4.29 -1.29 -1.01 0.55 0.71 2.13 -0.46 -5.23 
0.67 0.10 1.80 -1.17 1.71 0.01 -0.76 0.54 -3.58 1.45 
-1.92 0.98 1.07 -1.52 -2.62 -0.00 4.17 1.74 -1.36 0.77 
-0.08 -2.53 2.80 -0.83 0.54 -0.89 -1.09 1.11 0.62 -3.98 
-3.27 -1.74 1.59 -2.56 -2.01 -1.66 -0.36 2.03 -2.42 -1.35 
-2.03 -6.09 2.08 2.71 -2.54 4.90 1.73 -6.98 -0.25 -0.16 
0.36 0.49 -6.04 5.74 -3.50 3.97 -0.89 -5.29 4.53 -3.08 
-0.64 -1.08 3.35 3.41 -2.76 -0.59 0.92 -5.56 -2.78 3.15 
3.28 3.64 -2.74 -3.24 -1.11 -1.25 0.89 0.90 1.11 0.69 
-1.50 2.96 -2.85 -0.84 -2.39 -0.13 1.53 3.09 -0.74 -1.21 
-4.80 1.78 -5.25 -3.88 -6.69 4.36 1.78 5.02 -4.26 -2.41 
-2.65 -1.24 4.57 5.19 -5.74 -5.49 -0.04 -1.93 -7.51 -11.09 
-1.06 0.29 2.72 -1.59 -3.27 0.68 3.23 4.40 -12.28 -3.14 
-0.03 4.00 2.11 -1.81 -4.13 -1.27 1.62 -0.93 -0.58 8.52 
-3.86 -1.33 -0.64 0.18 -6.94 -0.60 4.62 0.63 2.13 2.15 
-2.17 1.86 5.83 -0.41 -2.73 4.53 -1.98 6.00 -1.34 -10.66 
0.74 1.85 2.09 -3.01 -2.71 1.41 -2.30 2.34 -2.10 -1.11 
-0.44 -1.04 0.93 -0.54 2.98 -3.29 -0.94 0.08 -2.50 -0.20 
-3.30 3.62 -0.42 0.36 -0.57 0.22 -3.88 5.16 -1.93 4.64 
-5.26 -0.30 1.63 -1.08 0.71 2.63 -2.23 1.79 -3.54 -3.26 
-1.32 0.92 3.07 -0.40 -0.89 4.43 -5.21 -2.33 -5.13 -3.48 
6.19 1.49 1.13 2.96 -3.18 -1.45 -0.29 -4.44 -3.72 -0.69 
4.23 -1.92 -3.97 3.51 -0.38 -0.31 2.57 0.09 3.23 -3.10 
2.82 -3.73 -0.07 -1.09 1.43 0.91 -4.49 3.24 -2.65 0.53 
5.50 -0.55 -1.46 -0.62 -3.47 2.00 -4.31 3.84 3.48 2.19 
1.12 -4.56 -3.55 -0.86 -2.27 -1.58 -1.11 5.14 -1.54 0.03 
-0.40 -2.60 -1.27 1.82 -2.86 -3.47 6.14 -1.96 1.66 1.22 
-2.84 1.78 2.32 -2.08 -3.02 -0.33 -2.35 3.22 0.92 -7.09 
-2.21 1.52 2.92 -2.47 0.13 -2.51 -0.59 5.15 -0.41 -2.74 
-0.61 -0.07 0.60 -1.08 1.80 1.54 3.91 -1.32 -6.24 -0.53 
-3.10 1.93 5.28 -0.04 -7.25 -0.63 6.34 0.72 -5.79 -2.03 
-5.81 -0.23 -0.10 3.79 -0.22 -1.20 -5.38 -1.63 -2.55 0.62 
1.16 -0.33 0.73 0.10 0.64 -2.20 -2.59 -0.58 -3.34 1.26 
1.55 -4.34 1.73 1.34 -2.04 -2.21 0.45 0.72 -11.40 -0.16 
-5.41 1.05 3.25 -2.79 -2.86 5.41 3.03 0.31 -4.81 1.33 
-1.72 5.56 -6.76 5.82 0.31 0.01 -5.80 -5.58 -6.93 1.49 
-1.30 -1.78 -2.73 1.90 -0.95 -1.35 -4.00 -0.28 -0.62 -3.21 
2.38 -4.95 2.31 2.46 0.23 -1.10 -2.84 0.12 -2.31 -4.18 
-3.73 -0.40 7.20 -1.94 -0.69 2.02 -3.03 -9.64 -0.48 -0.23 
-1.31 5.64 -3.51 -0.65 -2.09 0.56 -0.58 4.17 3.87 -2.55 
1.14 1.55 5.31 -3.36 -1.46 0.79 -1.47 -0.83 3.19 6.98 
1.46 -0.99 3.46 0.73 0.12 1.66 0.33 -3.23 2.82 1.57 
0.88 1.89 1.19 3.04 -4.08 -3.25 -0.34 -1.21 -2.64 3.01 
-1.50 -3.11 -4.58 -3.07 3.50 5.65 -4.35 -3.72 2.09 1.80 
0.94 5.08 0.18 -4.11 -0.47 0.07 -2.09 -2.31 0.51 1.41 
3.66 4.27 -2.00 2.74 0.30 0.04 -1.60 0.44 -2.69 -0.20 
3.59 1.37 -4.72 0.64 -2.10 -4.76 3.59 1.72 -3.20 3.64 
2.98 -1.39 -4.18 -1.92 0.19 0.55 3.14 -3.23 -2.92 3.30 
-1.24 -2.18 2.36 1.57 0.50 3.07 0.57 -3.48 -5.15 -2.76 
-1.18 -0.16 -1.19 5.93 -1.12 -0.08 1.12 -5.33 0.41 -0.63 
-3.32 1.55 -0.88 -0.45 -3.57 1.80 0.66 -2.41 0.42 4.61 
2.57 -4.89 2.45 -1.10 -2.32 1.67 -0.39 -1.56 -4.23 -3.51 
0.78 -0.86 1.63 0.92 -5.94 -2.64 4.31 -6.35 0.68 -11.27 
-0.08 1.30 4.15 -1.25 -2.92 -4.95 2.96 0.57 8.24 -3.30 
-4.87 1.30 2.88 -3.76 7.00 1.25 -0.45 0.22 3.21 2.52 
-3.26 0.41 2.86 0.04 -0.75 2.33 -0.74 0.09 -3.40 -3.38 
-2.54 -3.97 4.77 -1.49 -0.51 -4.26 -0.45 0.06 -3.12 -1.92 
1.19 -2.45 -0.14 5.19 -0.91 -2.37 -0.78 -2.68 -0.63 -3.61 
-0.89 1.18 0.20 -1.46 0.10 2.39 0.82 -0.37 -2.51 -4.09 
-1.56 -2.12 1.13 -2.67 4.38 3.50 -7.67 -0.81 3.32 -2.60 
1.65 1.46 -1.00 -5.51 -2.73 0.22 -1.80 4.45 -4.26 -5.89 
-0.76 -0.80 -1.78 -1.65 0.52 2.91 -2.48 1.66 -2.31 -7.99 
-0.75 -5.95 -0.99 -4.84 -4.44 5.47 -3.10 1.23 -7.98 -7.57 
1.84 -3.14 -3.27 -0.72 4.25 -5.58 -0.32 0.79 4.70 -1.56 
-4.16 2.27 -0.87 -0.95 3.28 -1.74 -4.10 -1.57 -7.87 9.36 
-2.55 0.00 -0.06 -1.84 0.95 2.30 -2.07 0.08 -1.03 -0.41 
0.20 3.15 -1.41 -1.06 -2.47 3.52 2.34 -0.24 -1.78 -1.61 
5.00 -4.18 -2.98 -2.53 1.02 -6.88 2.43 3.31 5.45 -1.80 
0.97 4.56 1.91 -3.59 -1.50 -3.39 -3.40 -1.11 -8.48 2.30 
0.72 2.99 5.21 1.39 -0.10 -1.06 1.98 -2.41 -4.62 1.94 
2.36 2.17 4.98 -3.69 -2.28 -0.39 -2.51 -5.18 -1.36 1.82 
-2.64 -3.41 -1.17 -2.16 0.29 -1.39 1.77 -3.45 1.77 2.91 
-0.85 -4.09 -1.90 -6.17 -1.33 -3.11 0.92 0.19 0.57 1.06 
-3.05 3.32 -1.71 -7.84 -2.35 0.46 6.18 -4.46 -4.06 0.69 
-7.12 2.09 -6.30 -2.04 3.74 -0.15 3.40 -3.60 -3.84 -6.75 
2.90 0.94 -5.41 -3.75 3.13 -7.97 1.77 -3.30 0.08 0.10 
-0.23 3.18 -0.21 -4.46 2.72 0.86 1.73 -1.82 -6.35 2.57 
-2.76 3.30 -0.46 -2.92 -3.94 0.32 -0.09 -2.72 -3.70 1.26 
-3.33 0.51 0.26 -2.68 5.32 -0.64 -0.69 -2.86 -2.13 -3.69 
3.72 -0.24 1.50 -5.75 -2.52 -4.79 0.54 -6.74 2.04 -1.66 
-3.48 -1.94 8.92 -4.43 0.23 -0.03 -1.73 1.82 -0.90 -3.12 
3.94 0.81 0.75 2.04 -1.23 1.47 -0.41 2.23 3.79 -7.84 
1.99 1.78 -0.51 -3.84 -1.01 -2.12 -2.37 1.51 -5.48 -1.51 
0.33 1.00 -3.97 -4.95 -0.53 -4.02 -0.75 4.18 -5.02 5.23 
-4.95 -0.37 -4.69 -4.42 1.48 -4.56 -1.01 2.86 -8.81 3.02 
-1.88 -2.84 -3.25 -1.61 -2.80 -2.35 -0.64 0.31 -5.05 0.33 
-2.76 -2.51 -3.18 -0.67 -4.91 -1.72 -0.49 1.51 -2.86 2.29 
-3.13 -4.54 -3.40 -5.18 8.08 -1.13 3.36 1.69 -2.69 -8.95 
-2.23 1.05 -5.83 -6.88 8.21 1.66 0.29 -1.17 -5.16 -5.65 
-0.31 4.61 -0.20 0.11 3.91 -1.68 0.08 -3.60 -1.03 -7.14 
2.50 1.06 2.05 -3.14 -0.69 -2.19 -2.55 -6.21 1.04 -5.15 
-1.21 -2.25 -6.83 0.51 0.80 -4.74 -0.49 -1.02 0.78 -1.56 
0.84 -1.72 -0.52 -1.61 -3.02 -4.02 0.52 -0.27 0.16 -0.38 
-1.05 0.63 1.85 -6.40 -1.50 2.02 -5.07 3.73 -5.90 2.70 
3.63 -1.35 3.05 -8.29 2.08 0.19 -5.39 2.98 -8.19 1.16 
1.34 -1.00 -7.35 3.43 0.67 -1.02 1.78 4.62 -3.20 2.08 
3.09 6.95 -2.90 0.75 -0.69 1.32 -0.15 0.18 -0.99 -0.78 
-0.20 2.78 -5.54 -0.57 -5.74 5.53 0.56 1.39 4.41 3.14 
1.92 0.50 -1.84 -0.98 -1.30 2.18 -0.92 0.37 -4.94 1.73 
-0.13 1.19 -1.11 3.19 -0.16 1.76 1.79 -2.49 2.60 -0.06 
5.36 4.93 1.42 -4.25 3.91 0.72 -3.76 -4.02 -1.74 -1.43 
-4.49 0.94 -0.67 -4.11 1.93 -3.82 -1.01 0.09 -4.63 2.49 
-6.17 0.18 -0.41 -5.35 -2.36 -1.23 -3.30 0.48 -1.56 3.62 
0.31 -4.48 1.64 -4.91 -0.22 6.01 0.86 3.24 -1.40 0.21 
1.78 0.40 -0.81 -6.87 -2.10 5.98 -2.19 -2.46 2.19 2.10 
-1.06 -0.46 -7.19 -4.69 -2.22 0.69 0.69 -2.29 1.05 1.19 
-2.23 -0.27 -3.17 1.23 3.51 3.17 0.41 -3.13 3.75 -2.85 
2.48 -0.81 1.13 -3.37 -4.73 -1.20 1.92 -3.54 0.54 4.98 
0.06 1.82 0.10 -1.44 -7.68 1.62 -2.71 -0.01 1.76 2.23 
-0.32 -1.39 -6.97 1.44 -1.27 1.05 4.16 -1.47 -0.31 3.93 
-0.63 -1.27 -5.14 1.50 0.31 5.85 -1.94 -3.13 -0.49 -2.27 
2.19 -2.40 3.46 0.10 0.79 -2.73 3.26 0.28 3.57 -6.64 
1.73 0.89 5.47 1.83 -0.17 -1.10 2.82 1.60 -1.50 -1.45 
-0.39 1.31 -2.63 2.43 -0.90 -1.28 0.67 1.41 -2.39 -1.89 
0.09 0.74 1.71 -1.25 -0.21 -0.54 -2.08 0.31 0.95 -2.47 
1.19 2.85 5.07 -2.86 3.95 1.59 0.67 1.03 6.07 -7.89 
-2.70 2.85 2.09 -3.39 -0.38 -3.25 -0.57 0.51 5.73 -1.12 
-2.86 -0.45 -3.83 -4.75 3.87 -1.36 -0.79 3.43 0.09 -3.54 
-2.98 -0.35 1.99 -6.97 6.56 -5.02 -0.91 4.17 -4.95 -0.14 
-0.59 0.35 1.18 -0.41 -3.07 1.73 2.09 -1.45 0.70 0.26 
-3.86 3.34 -1.14 -4.07 -4.80 0.12 2.67 -0.39 1.58 -0.03 
-0.07 5.50 -5.87 1.63 0.10 -1.46 5.20 2.32 -0.27 -3.15 
-3.83 -2.38 -1.14 2.78 4.24 -2.01 1.19 -0.91 -2.40 -2.61 
4.10 -4.13 -3.81 -5.34 -0.50 2.87 1.37 -3.21 2.78 4.47 
5.74 1.99 -2.09 -4.11 0.20 4.48 -7.67 -1.19 -0.90 -0.89 
2.11 0.26 -6.75 1.26 -2.20 -1.64 -1.23 -1.91 2.33 -1.02 
-1.15 -0.59 -3.38 4.91 4.41 -1.94 0.20 2.26 2.43 -2.13 
2.08 -0.53 -4.64 -4.57 -1.43 -2.43 2.02 -0.39 -0.29 1.32 
-0.06 -4.11 -2.24 -5.22 3.60 -0.01 -2.15 -0.81 -0.84 1.08 
-4.76 3.52 -2.29 -1.73 -3.18 -6.21 -3.56 3.86 -0.03 3.05 
-1.13 2.35 -1.60 0.35 0.46 -3.89 -3.06 1.05 3.55 -4.11 
0.75 -2.17 2.27 -3.37 -0.69 -3.72 0.65 1.11 4.26 -0.99 
-1.50 -6.31 4.98 -11.28 -3.50 -4.42 2.45 -3.34 3.77 -4.27 
-2.55 -1.01 2.80 -4.80 -0.95 0.59 -1.22 -2.79 -2.51 3.47 
-1.60 -3.63 2.13 2.35 -2.13 -0.82 0.24 -2.19 -6.67 3.83 
-1.61 -1.72 -1.49 1.55 3.44 -0.47 -0.95 0.59 -1.51 -5.74 
-0.24 1.80 -3.98 2.40 0.56 -6.13 -0.88 1.43 2.42 -3.23 
2.62 -2.30 1.31 4.09 -6.91 -11.38 -1.44 2.57 -2.68 2.89 
1.46 -2.90 2.62 4.05 -5.29 -10.95 -1.04 -1.92 2.99 6.60 
-0.07 -2.25 -2.16 -2.40 2.41 0.91 0.69 2.00 5.16 -11.32 
0.69 1.07 -1.56 -1.88 -1.29 -1.60 -9.41 -1.27 7.43 2.39 
1.09 -2.61 3.73 1.78 -0.87 0.40 -2.39 2.93 -2.17 -3.17 
2.56 0.53 0.86 1.05 -1.81 -0.12 -2.46 -1.09 -1.11 -2.66 
-2.58 -2.55 -8.63 0.38 4.96 -4.70 -1.08 -3.64 4.19 -3.61 
-3.62 -5.19 1.64 -3.24 3.15 1.63 -0.06 0.57 5.53 -3.60 
-0.49 -3.46 2.41 -0.42 -1.19 2.27 -1.88 -5.40 -2.49 0.83 
1.21 -1.71 -5.43 6.80 -2.58 3.33 0.55 -2.61 2.25 -4.50 
-3.34 -1.95 -5.19 -0.70 1.10 -0.23 -1.94 1.36 -1.05 0.76 
-5.35 1.36 -8.61 -0.53 1.34 0.14 -0.51 6.24 -1.69 4.53 
-4.26 -0.44 -0.99 7.03 4.32 2.45 -1.70 -0.47 -2.47 1.04 
-5.26 0.50 3.85 3.03 1.02 4.58 -4.34 -5.42 1.10 4.92 
2.08 2.43 -2.60 -1.08 -4.75 -6.67 -0.88 4.96 -0.10 -0.13 
1.00 2.86 -1.70 1.45 -3.74 0.15 -1.53 4.23 -2.10 -0.41 
0.64 -2.83 1.73 -1.12 0.12 2.24 -2.29 -3.08 -0.85 4.62 
-2.04 -1.83 -3.19 0.03 -3.00 0.89 -0.54 -2.53 -0.01 1.76 
0.00 -0.60 0.06 -3.12 3.66 -0.25 -4.58 -0.27 1.02 -0.13 
-4.37 -3.50 1.56 -2.35 2.21 -1.15 -0.60 -4.93 -0.57 4.20 
-5.69 -8.36 -2.55 1.75 0.77 -2.19 1.73 -0.08 2.58 1.37 
-1.77 -2.46 -0.38 -1.15 -2.69 2.57 3.68 2.57 -1.25 -0.01 
-0.48 0.91 2.36 -1.15 2.23 2.13 -2.59 -3.31 -1.24 3.87 
-5.15 -6.59 2.70 1.41 2.14 0.98 -3.58 -3.28 5.30 3.18 
0.39 -6.49 0.43 -0.78 5.01 0.23 3.10 0.09 1.37 -4.64 
-4.30 1.32 0.25 2.60 -2.34 2.73 -0.85 0.06 -1.94 -8.33 
0.65 5.09 -1.10 2.50 -2.56 -0.20 -4.11 -0.96 0.86 -0.09 
2.47 -7.35 4.31 0.12 -5.23 0.96 -1.97 -10.34 0.06 -7.06 
4.34 -0.42 2.70 0.85 -6.36 -1.96 2.79 -5.58 -1.97 -0.52 
0.51 2.98 0.68 1.83 -1.20 1.80 -1.69 -6.18 0.59 -5.74 
-1.87 -0.47 -4.59 0.11 -3.61 -2.76 -4.11 2.32 -0.61 0.23 
-0.54 0.56 -3.46 2.94 -4.97 -1.07 -2.34 0.61 2.89 1.05 
1.62 -6.62 -0.02 -6.34 -3.45 3.81 -0.96 3.99 -0.03 2.80 
1.00 -5.02 -3.16 -10.10 -4.86 2.90 -1.97 -0.83 3.25 -0.51 
-3.62 -1.11 0.39 -0.10 -1.26 -0.07 -3.17 -1.56 -1.58 -0.66 
-3.24 -0.22 -0.29 0.95 0.74 -0.16 -0.27 -2.45 2.24 -1.07 
-3.60 -1.85 -1.38 -2.95 -1.92 4.51 -1.74 6.78 1.97 -3.51 
-1.04 -0.64 1.76 -4.97 -1.78 6.04 2.16 -0.44 2.74 -3.87 
-5.05 0.79 5.16 -1.86 2.31 2.55 -7.22 -1.32 -2.06 2.96 
-2.59 -6.39 -1.86 1.95 0.03 2.97 3.32 -6.42 -2.69 3.91 
-5.42 -2.52 -1.63 2.09 3.91 -1.08 -0.68 0.16 3.27 -4.32 
0.95 -2.43 5.47 -6.38 0.72 3.57 -1.11 2.53 -1.41 -2.33 
-3.26 -4.68 -1.12 2.75 -2.15 4.21 -0.80 -4.78 -2.88 5.82 
-1.43 -2.75 2.18 0.94 -3.59 -0.57 1.71 -8.07 -2.60 2.30 
2.45 -0.85 2.12 -1.64 -0.86 -3.07 3.15 -2.16 -4.13 -7.62 
2.42 4.00 4.75 -7.25 4.14 -2.34 1.09 -0.99 -7.31 -3.16 
